#anos
15
#acoes
15
#custos
2
#rate
0.15
#metas
1000
1000
1000
1000
1000
1000
1000
1000
1000
1000
1000
1000
1000
1000
1000
#orcamentos
703.648215918
723.02365961
686.756662822
687.640524271
684.45065199
717.338212659
699.319323437
688.869632866
703.893223703
698.591294045
711.869832905
681.311410463
685.050410388
705.184547784
694.344778949
#market 
38
55
30
27
66
34
34
41
49
31
27
107
126
32
93
#custo 
36
25
46
50
21
40
41
34
28
45
50
13
11
43
15
#lucro
100
50
50
50
50
50
50
50
50
50
50
50
50
50
50
#energy
6.1889106408 2.50357612443 5.78108299173 6.62776682296 2.76294191073 4.74051709279 4.82178977389 4.99355676041 2.92204752282 5.76911494115 6.09421915007 1.6217749089 1.34723794708 5.24391654226 2.39422003433 
5.20156091205 2.28414969865 5.55815141758 5.20639326184 2.68406739195 4.70151662372 4.59334036549 4.97430867759 2.69843622736 5.10250493597 5.02653277759 1.55568912988 1.3357270861 4.97933673511 1.98522160129 
3.85120816818 2.25685458954 4.90602823026 4.83606076395 2.08830236352 4.09862152073 4.46411800454 4.49103102717 2.66616104797 4.57965751223 4.86630605732 1.52274450098 1.31782542322 4.8359317907 1.59680625885 
3.18890592246 2.11504478263 4.76617471532 4.81138222276 2.08778904986 3.67043562548 4.24659330502 3.75696374258 2.62848520505 3.9375946756 4.62305439379 1.31724649412 1.2370687498 4.42988410619 1.57354975618 
2.72058727188 1.99688923418 4.58564974462 4.59320529598 1.9893040332 3.58925164122 4.04343062965 3.6789860083 1.98548040189 3.93066728212 4.35696505594 1.2743485295 1.22348522255 3.7489803186 1.20425256506 
2.67179080403 1.98496973834 4.56710434647 4.56356564212 1.86610937726 3.52231693262 3.6850243631 3.30203992109 1.98283375999 3.4979423978 3.30413636736 1.20581403808 1.2106817234 3.67850387851 1.11047577243 
2.34809004877 1.85995239673 3.75421451346 4.54245381578 1.55788357753 3.26655406324 3.13715340749 1.77967266914 1.89532048483 3.4878632964 3.24800995703 1.01729168832 1.01645534621 3.47057536356 0.99782794338 
2.22895878574 1.79140482521 3.57501352684 3.80341170562 1.53787035589 3.03662592397 2.9388229095 1.77473372257 1.8508535164 3.4738640056 3.17751979173 0.878936384719 0.594553818941 2.38982151863 0.987128337816 
2.07729623907 1.7662971341 2.65616200523 3.72470123656 1.37506217717 2.74884799084 2.71714421659 1.2440485954 1.43643883062 2.60912093703 3.14514476933 0.733757151501 0.582148902976 2.15515363866 0.930696261353 
1.76043383089 1.75296786114 1.72374953977 1.80346527959 0.946139854043 2.34814302723 1.77582884831 0.917263474221 1.39473158097 2.60425035765 3.04420077009 0.556842114001 0.445464217712 1.99203489547 0.678416703902 
1.6531956268 1.6766949752 1.57470965191 1.66602711323 0.850036423691 1.76337802107 1.74267477072 0.911272314459 1.37403554022 2.18088558928 2.63339565131 0.501145899447 0.295137825132 1.58812657341 0.596340005304 
1.13154752959 0.986710735355 1.48874257452 1.63685778686 0.460654992012 1.30766248437 1.59394241401 0.736273658571 1.35738434719 1.96082599484 2.04816896365 0.388399879456 0.248581068426 1.57547021181 0.412595954195 
0.510590369114 0.861254758917 0.583169116758 1.45909970493 0.317355213997 0.495670111811 0.817543824946 0.609046711352 1.28203775443 1.66487169565 1.74916721601 0.22449813919 0.134020454053 1.21436284504 0.237035310509 
0.318654440656 0.707432403264 0.347739308664 0.47274627926 0.257957924003 0.398150910543 0.273443731229 0.424046526609 1.26476867901 0.14551488913 1.61281179887 0.112053024728 0.00892997280393 1.10087394876 0.184594706177 
0.148269409966 0.455800742302 0.132308316887 0.252863068567 0.218525355144 0.312308030356 0.149149435495 0.406756190528 1.26098510125 0.0553214895622 1.0703672799 0.0894581171847 0.00268224159858 0.597027633278 0.110838789227 
#lb
-1 -1 -1 -1 -1 -1 -1 -1 -1 -1 -1 -1 -1 -1 -1
-1 -1 -1 -1 -1 -1 -1 -1 -1 -1 -1 -1 -1 -1 -1
-1 -1 -1 -1 -1 -1 -1 -1 -1 -1 -1 -1 -1 -1 -1
-1 -1 -1 -1 -1 -1 -1 -1 -1 -1 -1 -1 -1 -1 -1
-1 -1 -1 -1 -1 -1 -1 -1 -1 -1 -1 -1 -1 -1 -1
-1 -1 -1 -1 -1 -1 -1 -1 -1 -1 -1 -1 -1 -1 -1
-1 -1 -1 -1 -1 -1 -1 -1 -1 -1 -1 -1 -1 -1 -1
-1 -1 -1 -1 -1 -1 -1 -1 -1 -1 -1 -1 -1 -1 -1
-1 -1 -1 -1 -1 -1 -1 -1 -1 -1 -1 -1 -1 -1 -1
-1 -1 -1 -1 -1 -1 -1 -1 -1 -1 -1 -1 -1 -1 -1
-1 -1 -1 -1 -1 -1 -1 -1 -1 -1 -1 -1 -1 -1 -1
-1 -1 -1 -1 -1 -1 -1 -1 -1 -1 -1 -1 -1 -1 -1
-1 -1 -1 -1 -1 -1 -1 -1 -1 -1 -1 -1 -1 -1 -1
-1 -1 -1 -1 -1 -1 -1 -1 -1 -1 -1 -1 -1 -1 -1
-1 -1 -1 -1 -1 -1 -1 -1 -1 -1 -1 -1 -1 -1 -1
#ub
-1 -1 -1 -1 -1 -1 -1 -1 -1 -1 -1 -1 -1 -1 -1
-1 -1 -1 -1 -1 -1 -1 -1 -1 -1 -1 -1 -1 -1 -1
-1 -1 -1 -1 -1 -1 -1 -1 -1 -1 -1 -1 -1 -1 -1
-1 -1 -1 -1 -1 -1 -1 -1 -1 -1 -1 -1 -1 -1 -1
-1 -1 -1 -1 -1 -1 -1 -1 -1 -1 -1 -1 -1 -1 -1
-1 -1 -1 -1 -1 -1 -1 -1 -1 -1 -1 -1 -1 -1 -1
-1 -1 -1 -1 -1 -1 -1 -1 -1 -1 -1 -1 -1 -1 -1
-1 -1 -1 -1 -1 -1 -1 -1 -1 -1 -1 -1 -1 -1 -1
-1 -1 -1 -1 -1 -1 -1 -1 -1 -1 -1 -1 -1 -1 -1
-1 -1 -1 -1 -1 -1 -1 -1 -1 -1 -1 -1 -1 -1 -1
-1 -1 -1 -1 -1 -1 -1 -1 -1 -1 -1 -1 -1 -1 -1
-1 -1 -1 -1 -1 -1 -1 -1 -1 -1 -1 -1 -1 -1 -1
-1 -1 -1 -1 -1 -1 -1 -1 -1 -1 -1 -1 -1 -1 -1
-1 -1 -1 -1 -1 -1 -1 -1 -1 -1 -1 -1 -1 -1 -1
-1 -1 -1 -1 -1 -1 -1 -1 -1 -1 -1 -1 -1 -1 -1
#dependecy
-1 -1 -1 -1 -1 -1 -1 -1 -1 -1 -1 -1 -1 -1 -1
-1 -1 -1 -1 -1 -1 -1 -1 -1 -1 -1 -1 -1 -1 -1
-1 -1 -1 -1 -1 -1 -1 -1 -1 -1 -1 -1 -1 -1 -1
-1 -1 -1 -1 -1 -1 -1 -1 -1 -1 -1 -1 -1 -1 -1
-1 -1 -1 -1 -1 -1 -1 -1 -1 -1 -1 -1 -1 -1 -1
-1 -1 -1 -1 -1 -1 -1 -1 -1 -1 -1 -1 -1 -1 -1
-1 -1 -1 -1 -1 -1 -1 -1 -1 -1 -1 -1 -1 -1 -1
-1 -1 -1 -1 -1 -1 -1 -1 -1 -1 -1 -1 -1 -1 -1
-1 -1 -1 -1 -1 -1 -1 -1 -1 -1 -1 -1 -1 -1 -1
-1 -1 -1 -1 -1 -1 -1 -1 -1 -1 -1 -1 -1 -1 -1
-1 -1 -1 -1 -1 -1 -1 -1 -1 -1 -1 -1 -1 -1 -1
-1 -1 -1 -1 -1 -1 -1 -1 -1 -1 -1 -1 -1 -1 -1
-1 -1 -1 -1 -1 -1 -1 -1 -1 -1 -1 -1 -1 -1 -1
-1 -1 -1 -1 -1 -1 -1 -1 -1 -1 -1 -1 -1 -1 -1
-1 -1 -1 -1 -1 -1 -1 -1 -1 -1 -1 -1 -1 -1 -1

