0.992600845541445
0.993230651646354
0.993560359287176
0.994565079268188
0.995945797412933
0.995415631530033
0.992701940728077
0.99217691958252
0.975656080859966
0.993398354829293
1.00000000000001
0.996593939733658
0.999999999999994
0.999984861885997
0.995741589684459
0.993246906919895
0.996475335006913
1.00000000000001
0.997751827355394
0.999039562741478
0.996399174882034
0.995656179964684
0.997601714243312
0.999999994592711
0.994780549715105
0.993625065843173
0.983285665000236
0.995550981480842
0.998575039009561
0.999032225845753
0.996047803112105
0.992167368915125
0.99349863831236
0.987478702078411
0.997085635063378
0.996080374452546
0.994776514908064
0.993693045395972
0.987447743493809
0.994539725459049
0.99177921354959
0.99731447162253
1
0.996581335264428
0.999756571723688
0.993868043854982
0.996857556901208
0.997857886443988
0.998584088908774
0.99854846757203
0.992771815150812
0.998148578131839
0.994960711847642
0.997194102878414
0.996679972763861
1.00000000346978
0.995449623528145
0.997612346544222
0.998127574005111
1.0000000134771
0.997925422012338
0.995910748374321
0.996166285080838
0.991392638351023
0.995636314408707
0.999059061012361
0.994076328456301
0.996488396028884
0.993189447629117
0.996190430348511
0.99357716624714
0.999592599409653
0.998955909001029
0.998883864239629
0.998328865903521
0.998257530748912
0.993837071649427
0.999045001886911
0.991095377940917
0.995284489542306
0.984783465407203
1.00000000160425
0.997298199497441
0.997899332397038
0.998957647488039
0.996997591663901
0.991700767536035
0.999628661447742
0.991965888239462
0.999654487172447
0.993732014699685
0.991820059618097
0.996439670002231
0.99712726890196
0.992525921702297
0.994627017696706
0.996438308899032
0.994807228944753
0.991236200721786
0.994830502902964
0.997943613934197
0.996585197828086
0.998155257506473
0.995709646155506
0.998508468043815
0.996728519977446
0.992115532151919
1
0.996160759555081
0.999247670419159
0.994959825681993
0.998530261332526
0.998943645136257
0.999999993292713
0.997461835472202
0.993385894994803
0.999051815554377
0.998435711546712
0.998951173199134
0.999447447454611
0.994070298966514
0.996517629000293
0.989951995924646
0.996503499369284
0.997057649907901
0.995682342125978
0.991900009438152
0.990091518979867
0.993765252200603
0.996816082143061
0.992999391971397
0.999434394589494
0.998448202271032
0.998043517974153
0.998132094957449
0.996805438837118
0.993384443474174
0.999557548687734
0.995572374640378
0.990268654553286
0.996655244092868
0.991570992417431
0.998116688207178
0.9971101146098
0.999719911824395
0.998495823630543
0.985164742258464
0.998680938609762
0.992775664586518
0.995237815544403
0.994973548341216
0.992469957979793
0.997878509598449
0.995415236969642
0.998807257443045
0.996934055774567
0.997823053203716
0.997240707797521
0.998785081928832
0.997790761977733
0.997980081862156
0.997314247272318
0.997479433586305
0.999791942722389
0.996054774546155
0.997985316458216
0.998024336698651
0.998153825363598
0.998393470885209
0.994349615598523
0.992995096012047
0.998995897703713
0.998934207581363
0.99400672653645
0.996761683588074
0.998888277688624
0.999095509568478
0.996054337592142
0.992991741581789
0.994844676108306
0.992897125606469
0.995773613839463
0.994026394846202
0.994299586427289
0.997436586362459
0.997307063262696
0.999396182420333
0.996189723484744
0.999999999999992
1
0.995489212153553
0.996115245994984
0.997090877649202
0.998545739937197
0.999405871779073
0.999151737124167
0.998704463467875
0.998198773398191
0.99841409707012
0.998596420538041
0.998258928337619
0.998324435028611
0.998285357413184
0.997399442672384
1.00000000239992
0.996260804802136
0.996773572244173
0.993899079988199
0.989262686946176
0.991781543092416
0.997265109874784
0.98952169770158
0.989815304980869
0.9949979891883
0.994257781627884
0.993394331258638
0.996267166191554
0.992385368883208
0.997955020634873
0.999399300892111
0.996363533162544
0.997730997901631
1
0.999999999999993
0.994687723620118
0.998086948794302
0.995602292254424
0.998051244750678
0.99998031577345
0.992866636300526
0.997958921229964
0.995222665288495
0.99639202335469
0.992252157705658
0.996792933161852
0.995275676577885
0.988464280479006
0.995903898862865
0.995657889514694
0.995063842897728
0.995906655331909
0.996862063161705
0.997987845780819
0.998465904459779
0.997990624965088
0.994531197253229
0.997481231952906
0.993551159243422
0.998735117531709
0.994197796179362
0.993347991581211
0.997076117713042
0.998188301131121
0.999983624666329
0.996119285952026
0.995332624907145
0.996297446309287
0.999999989833469
0.99467910627003
0.997628532849098
0.997690035376142
1.00000000638662
0.997722655184135
0.995193369567959
0.996294280062941
0.993611775216051
0.993653798554684
0.995791208484159
0.998126963407117
0.99499366181733
0.999217032371577
0.999616143673053
0.991772081273374
0.996946295457427
0.990249794225153
0.994744092005292
0.998592906241732
0.996697866137013
0.995366794114071
0.999999999999993
1.00000000000001
0.997085015782704
0.999984243768938
0.994317640043476
0.999468847891026
0.998149046268065
0.998950053487935
0.994218894833765
0.993506318327176
0.99834343083793
0.994927776463759
0.99484970583346
0.992241217578557
0.997687121733805
0.996805507549203
0.994880135773813
0.998707043160021
0.996824663983635
0.994802566875787
0.996950488797432
0.997175052209543
0.9970265618725
0.998015348646112
0.999447823019036
0.996474252388743
0.9969941798549
0.998207360813516
0.998141841081376
0.997231112570912
0.994751124195519
0.999055103269219
1
0.997682914719292
0.99689414766771
0.993839047475066
0.999560414555146
0.998543760302274
0.997879159814242
0.996819246222527
0.99736650558541
0.993288030772997
0.998334273466837
0.996567857793179
0.999538946654914
0.993158158763507
0.995112054573905
0.993494767302677
0.995035486848151
0.986908240228447
0.988531828658887
0.998491490586917
0.995085718184938
0.992110010359952
0.999196990236289
0.999074446479577
0.998362009636005
0.995925080334834
0.992779537401043
0.996095769683787
0.997734197083619
0.997989566510709
0.997212762548533
0.995629567738996
0.999015465259582
0.990314942633772
0.993873671811617
0.995084887623525
0.997348770212363
0.992149451860861
0.995074199094571
0.993521971234791
0.997048102669397
0.996203398139867
0.99308660119769
0.994230798671383
0.994332336618535
0.98702281699148
0.991450392534185
0.99053849358061
0.985522344785156
0.993474416499371
0.99743764268194
0.992827970878593
0.99963991531551
0.999139187723999
0.995648184341044
0.995435002443347
0.998062214170191
0.999999999999999
0.994221531223301
0.998378491552181
0.999999993668991
0.993406919081799
0.992690160925318
0.994023444234245
0.999537914191562
0.994801868330272
0.994285403286534
0.992730990036537
0.997248299586827
0.992252375758746
0.989854199865009
0.995356086024839
0.99423092334945
0.990480562562504
0.989617023808872
0.991641660776887
0.995739863050628
0.992102415295035
0.99119303623775
0.996339477502002
0.997245041368233
0.999088961488348
0.997801983566499
0.996076789685982
0.996154009260175
0.99830786481673
0.999494027954257
0.998100559702505
0.999378405493766
0.997750940809332
0.996282106028024
0.994021105658839
0.99417530913882
0.997117404032077
0.991542960117932
1.00000001303687
0.99433255346361
0.9983789435664
0.99370676218414
0.989362216352172
0.993463003616752
0.996616455387392
0.99630994882561
0.994365278487973
0.997012345662232
0.997647910673895
0.9991717147049
0.998018917346449
0.99735818404835
0.994962881904363
0.996730755382557
0.996441841090324
0.993411624058146
0.998137033927916
0.997767819441719
0.996754256554435
0.99721602642413
0.996184954643781
0.999727782796139
0.997395510903751
0.995274672913113
0.998666017261911
0.993118179410016
0.999651958253851
0.998321111892721
0.997410478834134
0.988735533125288
0.995307844518569
0.995095415221131
0.997026408414428
0.997521091759464
0.995785064648464
0.993890032642663
0.990008948258633
0.995197658071635
0.999999999999994
0.999065420479558
0.99882574155191
0.995706117701478
0.997409997997115
0.990128275633714
0.991387303846329
0.996739456311581
0.997129456197447
0.994675919637391
0.997605902856645
0.99283394557238
0.998082691716206
0.995444421625573
0.98863731660813
0.994425041339508
0.995504154821967
0.993860928840595
0.993582291968576
0.997275341688849
0.99738575736097
0.995774539333819
0.995948719351013
0.991469312543091
0.998454420562827
0.993979736353467
0.999451064261404
0.998674723426194
0.99673172480619
0.994109750599589
0.995599695098466
0.996048306828588
0.995818016641233
0.995708347388749
0.990817306656998
0.995457995427278
0.993380279848342
0.996905579782692
0.998711651458509
1.00000001065664
0.999999991254276
0.997784484000884
0.995667178349541
0.996615798901774
0.994958590996582
0.990958396312012
0.996021121653279
0.997287822385555
0.996331367697989
0.996855439095123
0.992817556709036
0.995012666847328
0.996805752169573
0.996695638481346
0.99777995848211
0.996463113529633
0.99584315961858
0.995656663727715
0.996452263353494
0.998260025363613
0.997996574912868
0.997888897694371
0.997974928952918
0.997772445938085
0.990981432447641
0.997725746484494
0.99503645987558
0.997286942854832
0.996043324156768
0.995422474661504
0.992709747436529
0.993723362536719
0.997708171172782
0.993788462185096
0.993408938399443
0.996281775781852
0.996301217024064
0.997577188948054
0.995255120420636
0.997571536825937
0.994419973764092
0.994260718035606
0.995870164110503
0.99728211712289
0.997221633696206
0.993128039210368
0.997874624853901
0.992688619420668
0.996576206568634
0.996902264395633
0.996905720927345
0.997223449009544
0.99850674846497
0.998601117616791
0.997097233566244
0.99591053279141
0.997353512604234
0.996049436724727
0.997139493428043
0.994609527207076
0.991592363262478
0.99958823910943
0.993939654079454
0.994996650317415
0.999129367115156
0.995763538672691
0.994383699931053
0.999920413671393
0.999055971110961
0.992715781771775
0.998778205264621
0.99407274436603
0.998513204101285
0.996827870844421
0.994136973620137
0.997882452504504
0.997286923021643
0.998678737769636
0.995620070290013
0.996535496399593
0.998164731072887
0.995392772408647
0.996941636872454
0.996584968324443
0.991571872042571
0.993449736801287
0.998523080423723
0.99171552216373
0.997571115370966
0.996168022637108
0.99553282715074
0.995275284002176
0.996631491850061
0.999683610291326
0.997637483213848
0.993788478177995
0.995978548364278
0.996287458268739
0.992637496639578
0.999999999999987
0.995330959562898
0.997883947923343
0.997559101862341
0.996408796833365
0.999905636349103
0.994122496915528
0.995891860112166
0.995927684195073
0.997695355623631
0.999999980639226
0.993140802089027
0.990505699386533
0.997127212344328
0.994542681415591
0.999686313275914
0.995804783641131
0.994833337448919
0.995816189319506
0.99615700269601
0.998128385445136
0.99675780038402
0.993193450279621
0.999343299930599
0.99915417280279
0.99573116638897
0.998623299741715
0.995121597294194
0.996079713515631
0.996542859197909
0.998135195362982
0.996857105215983
0.997709400594895
0.996104405911333
0.994827844129482
0.99451071921526
0.988968525586302
0.988324734914911
0.99965059629494
0.998516738407912
0.996225046607052
0.996639209340867
0.995900697528474
0.998636317683438
0.995916893710068
0.998355113164345
0.999832909863259
0.996777795235614
0.995281119060824
0.995236291939311
0.996592472877111
0.99727738463485
0.993389447704352
0.997555667481233
0.995015594932145
0.995490133381081
0.997195073707027
0.993323547188259
0.992393241864168
0.98899884314495
0.995844761461757
0.995915499449959
0.996496237200017
0.988435907818827
0.991079491547228
0.995023363245598
0.993587860852252
0.994773800030449
0.998230249859528
0.999014253811459
0.998311150110735
0.996983389793243
0.993784914406075
0.996634991989699
0.991695905133246
0.999528799438308
0.997394199519333
0.999681245756101
0.998291226898403
0.995553491001421
0.985581588197267
0.996333787049145
0.994644731430462
0.98639942982561
0.998428821856367
0.997228268010831
0.996270531703711
0.995640222348439
0.996548162178414
0.994849249770161
0.991102974512744
0.998663672311049
0.990338009862061
0.998773440728623
0.999339740233155
0.998434596951365
0.996728718985171
0.995713066738105
0.980599509079785
0.994446033298697
0.998208742641523
0.995327378097532
0.997084599480063
0.996648579219866
0.997654827608447
0.993418490446126
0.994138425149234
0.993915718441294
0.994185901504132
0.992850854114314
0.979457067431847
0.99588319619638
0.998884854104944
0.995375969402221
0.999317286713167
0.998375334215184
0.990716671391548
0.997759839629576
0.998230555236354
0.992428529358106
0.994402808179885
0.99636323619296
0.998110241418094
0.999351493069286
0.996895224368987
0.996018090579712
0.997782519436495
0.996514347385328
0.995653325011793
0.994318212042714
0.995291301787651
0.994961623103541
0.992979242449399
0.99669284170401
0.991800294950533
0.996481737503133
1.00000000000001
0.993797441929384
0.995410083079362
0.998235407396656
0.99636383649508
0.997166830108248
0.996272157421682
0.998170134241338
0.998396892891169
0.993041326583907
0.997128414809173
0.997438694694253
0.996682333897348
0.997894432563609
0.998961820812176
0.994363021973646
0.995843495429346
0.997171262107165
0.995300919775928
0.997545896488357
0.996504494133571
0.997001428728431
0.997507851001399
0.995511646798974
0.998810533941968
0.996525031983493
0.999872160301152
0.999669831909439
0.995206869056291
0.999007776404048
0.996918527107397
0.994741747405834
0.996670629424879
0.996885464278871
0.995765417338033
0.996458711979142
1.00000000058378
0.996068891734189
0.997534122997898
0.994786679551339
0.997373317681285
0.99942700208706
0.998215106440055
0.99951380744032
0.993863586276397
0.997708221194445
0.996911062815368
0.995398655568008
0.998171449495221
0.997749592817291
0.997731048731385
0.997006240411611
0.997333506118223
0.994587092086123
0.999068008746444
0.996185935393967
0.999205591647944
1.0000000075036
0.996860805628669
0.995846199088617
0.996133248737912
0.999581663800049
0.999104962312871
0.995222897974946
0.997890911531715
0.997636944191012
0.998019271185654
0.999542866309306
0.99912176341355
0.998129978394995
0.994149384902612
0.995327583965138
0.993305239864037
0.997480345362522
0.992277738620227
0.998727177835315
0.994641967734814
0.998231874621405
0.997587675448138
0.994933115107689
0.992395579407971
0.997833227268641
0.993577718039976
0.996164120893736
0.997794361111608
0.995711422329036
0.997876533726716
0.993105438091379
0.998330501487708
0.997468784753795
0.998513810325827
0.99645120411529
0.999257966205307
0.997351109436709
0.99553859693656
0.995683533967661
0.996305275668649
0.995302713408275
0.997924802718047
0.997638835445822
0.998639725105575
0.995666485898886
0.994040145543261
0.990646291816735
0.996794249142272
0.998865356006762
0.995805440140641
0.999290702094248
0.994545307175374
0.996221499415254
0.991679916104706
0.997351944112617
0.997725568569796
0.998513113036405
0.999713316123407
0.998259554365035
0.993597689529648
0.993396169383758
0.996921388427971
0.994529096072526
0.998829054693171
0.984167036859322
0.999074028440553
0.997969786317152
0.996801144568236
0.995213318475001
0.995682217877055
0.995603520170551
0.997605159183352
0.995967713624843
0.994459191400256
0.995567839753215
0.998494489912636
0.996672014906989
0.998331181968017
0.999238856208949
0.995189494230174
0.997938430039824
0.996497766702201
0.99549505542587
0.995126184429148
0.995315179821097
0.997309790604639
0.998338095616093
0.999053617030852
0.998298240279662
0.995461131402596
0.995563617388417
0.979598335398436
0.99410713108989
0.995297442547169
0.99818204912126
0.993790869106045
0.997550450706419
0.998811737995612
0.985886874315927
0.997495868026948
0.996892970230604
0.988589066245336
0.975992106786659
0.991759935215446
0.999010923613875
0.996956013028727
0.996571008264386
0.995414720132707
0.997694950477647
0.998487902620491
0.992585440073282
0.996159132487719
0.998617937961469
0.992224889765503
0.998164980136261
0.996491333429857
0.996152292972359
0.997099271785814
0.999477377432895
0.992500432880939
0.996144675982238
0.998755321233405
0.999043152220266
0.996491968667972
0.996176493228566
0.998912607281267
0.996227832251962
0.993502777426966
0.997751468595944
0.997090642087767
0.990817948085165
0.993436976901929
0.995434194539981
0.998368924368204
0.994888492256825
0.996150340734973
0.99741242427943
0.996386949712753
0.999100338791153
0.998260683082741
0.99803233273491
0.988750944134384
0.996528740257289
0.997211757436107
0.994895420372221
0.995770383636259
0.996133612581542
0.994831109318155
0.994787685555695
0.9994807175891
0.995952069909444
0.99988893672175
0.997148101054625
0.991027613052751
0.997776626913331
0.994117916333203
0.995018828158389
0.994054345009791
0.997249084036252
0.997623565598926
0.995259188933937
0.999460073394848
0.991692374760823
0.995774240539555
0.997859374618626
0.994159027543056
0.996227365036941
0.986349988308497
0.999864815224382
0.99591251475492
0.996288435108363
0.998238152912937
0.997149858864814
0.994821193794741
0.995914751972723
0.998991706657745
0.99784684032432
0.996895789393221
0.998629946998113
0.996839375936942
0.994578751076408
0.996744515113578
0.995498720620481
0.997625061712563
0.997136009404638
0.997572406019874
0.999308462783027
0.996819721551517
0.999075689207868
0.99588345284276
0.993792075611447
0.994873378857586
0.997232383354057
0.995431859928018
0.995915254350609
0.989900341235576
0.998154934204927
0.994022189849883
0.993965656236692
0.996285654171155
0.996864992354014
0.998511283681842
0.997087823003715
0.998514498460003
0.993470674782417
0.996140672402709
0.997279134792189
0.998390287429407
0.999400825142645
0.998941923579141
0.995581724455012
0.998066351495837
0.997392429893226
0.996204898798587
0.997044131429084
0.993288430784403
0.996153077676476
0.995530225468257
0.99865323060339
0.999061062551639
0.994644549344427
0.997455866295467
0.996207695162397
0.993695122024765
0.990087619834106
0.994805287227735
0.996176281362762
0.995912154970775
0.997799548815831
0.99707127289207
0.994532403458896
0.997073359275792
0.995000873728523
0.997224464935386
0.996279414435702
0.998109963687907
0.997497646107937
0.993730231775913
0.9921490216659
0.996549615517923
0.997707992380926
0.994300217886135
0.995314957829562
0.997096312609203
0.995050940216037
0.990041188520266
0.995553322139037
0.996218997811743
0.997044320317403
0.992339603202991
0.996219866739036
0.996261842044593
0.997782651794089
0.996037324126223
0.998711740736873
0.994496593777297
0.997300429404578
0.998870963897967
0.996961845908249
0.997051236324159
0.996710891612464
0.994512077857847
0.995629644075143
0.993189588467331
0.995671702631854
0.993443348450367
0.994733927936019
0.998089515721488
0.99719124262436
0.994073373452511
0.997909089278931
0.993914540357714
0.997839838884581
0.99690050253159
0.994989914712553
0.995342654717441
0.993699158310893
0.998221229323929
0.998833150902104
0.996490826533626
0.996280932364572
0.994420327948832
0.997745942021549
0.994774930067121
0.998274763097014
0.99430314618985
0.997517337662791
0.998102618882605
0.992599592894214
0.997551789465347
0.997393796698848
0.997668283037389
0.996801722014974
0.999192453445169
0.996121389826322
0.997716310103772
0.998246083563106
0.995120705686536
0.991659637038698
0.987021224450552
0.996668419594636
0.997186421022106
0.998642280091778
0.993779836888923
0.994176977881749
0.997946045772424
0.99632266016114
0.995442953717889
0.994738681056073
0.998579119901621
0.994155999652995
0.988216590674512
0.996948476590734
0.999161764292186
0.995744225496602
0.999436653877213
0.99464794225962
0.993838120079318
0.99690600203018
0.996697730230204
0.996962889436113
0.999667984782738
0.996086507612407
0.997234695421732
0.999179647766358
0.994630179134047
0.997599909529268
0.992727219210133
0.995766751600513
0.994833735203726
0.998022874325147
0.996113049976255
0.994336763078426
0.993459018572564
0.996601109764885
0.996790698076379
0.990444911280552
0.996661684327358
0.99499996781835
0.996260704902311
0.999210999417605
0.99890146068979
0.995891027827513
0.997051014425334
0.99552347358676
0.993760767071839
0.99581075457035
0.996318927309283
0.995736710911637
0.996711032308469
0.991274713802619
0.995116163957419
0.995805070027619
0.995805907319275
0.993637874275489
0.994390474338186
0.99303252458043
0.999176429583718
0.996010689319437
0.997527976384686
0.995703699837224
0.988112313370997
0.991169284105129
0.994385421850594
0.996598107069914
0.998354836833482
0.992967587807606
0.996735804791997
0.996547937010311
0.995152114781788
0.99835602886312
0.996803373496938
0.992444275554944
0.994702769471859
0.995062251643129
0.997812788438358
0.998380394575905
0.994452380727135
0.996199548910052
0.997420446472978
0.997241805738517
0.998442421251363
0.998135476403789
0.994203760489598
0.994779585465428
0.998174880665581
0.995218297198401
0.996129008893892
0.996170043313065
0.997704956093622
0.99759797922923
0.998799865584804
0.993124903930362
0.996089108857308
0.997253821630211
0.994772711152408
0.997994696882264
0.998434032779961
0.99841288920369
0.997106351797115
0.998115000468024
0.995572094812098
0.996642105078365
0.997980150016619
0.999331561451648
0.998157055487233
0.997067199363588
1.00000000233109
0.995506042542595
0.997387374494472
0.996378604596757
0.997175811614757
0.997818756287339
0.993516445107109
0.994296648121797
0.998412984464729
0.996678085086331
0.994643391460354
0.993992642966903
0.996613896736295
0.998678216286901
0.997472251758503
0.999444865238339
0.998048009925383
0.998551291038421
0.996327337087286
0.997123862241765
0.99747700021171
0.996111805188546
0.997920775745147
0.995718459952441
0.998467230921505
0.99421225420838
0.996745178864751
0.996963538085521
0.998957823317133
0.999764553292723
0.994133225327268
0.997079252144537
0.996225877134906
0.999235466707896
0.998266273711054
0.993311582636122
0.997851658796899
0.998689651726994
0.98840797313767
0.999221388686553
0.997191625536342
0.997345644570529
0.996283658412155
0.998646397368358
0.997271564421525
0.997618098702335
0.986644030927429
0.993789679598656
0.994607856852835
0.996267783685089
0.998156841359556
0.988031053428688
0.999055627558685
0.995856242219915
0.997387125543224
0.994804037124757
0.997656843144221
0.993691644334641
0.997967055719167
0.995597154962548
0.998213096267322
0.997037665921842
0.990801898159945
0.998475599108845
0.998539630336694
0.993163447763506
0.996258272364235
0.997371160214023
0.994559798654782
0.996914637787237
0.998704958718163
0.994015362721547
0.996227414433918
0.997464966655663
0.992468877244118
0.997384398498989
0.991034672534968
0.992712240717119
0.992560959189919
0.995613020488178
0.998133965568014
0.997317981122577
0.99689583142251
0.994928463446895
0.996070246674803
0.993810225303399
0.998521674663581
0.995764926700907
0.997467639319166
0.997907920779015
0.996638393023621
0.996051837365865
0.995953028093004
0.99647853438526
0.997461751499179
0.998513995348284
0.994361763157057
0.995443612970788
0.99376774562828
0.996744860777603
0.996378646626196
0.997051927548043
0.993992908495646
0.9954792878398
0.994213927536011
0.99783779557281
0.99559935020511
0.997671729005745
0.993750267406231
0.997017640614671
0.996227303947896
0.994352804800772
0.996828112827898
0.996208398806611
0.99356721310246
0.997624117202498
0.99888814611482
0.998384707630647
0.9983399610623
0.996093935101672
0.998045216813636
0.996010688290625
0.998849567034072
0.996632393375167
0.997914450301367
0.998119544745798
0.999316373959922
0.995675674082428
0.991027612767892
0.995702981372689
0.996911984548927
0.99347893966407
0.992520425515966
0.99483056443815
0.996137941619805
0.998122656583643
0.996193909590517
0.997631482527417
0.998367721871976
0.998101159523814
0.995374795103298
0.994983001815149
0.996196805710659
0.99761160958721
0.996151365596166
0.99740465081839
0.996803115736437
0.996508104105014
0.994281419619986
0.995952252702827
0.997750667844556
0.997077895356279
0.995661581291019
0.998770409732027
0.996940024374143
0.99691146841179
0.997038076268748
0.991335311465379
0.996934813361185
0.994735965098692
0.992473531983051
0.996231265426296
0.993216208925164
0.99837984658753
0.99400310007887
0.994587063036382
0.992246359103203
0.998887209838935
0.995768785129383
0.998155241627054
0.997288083803349
0.996385326683429
0.994869636738287
0.996740500155539
0.998827799351541
0.997082277509306
0.999034128295745
0.998183509201757
0.995120462385776
0.999853753308244
0.997452068970272
0.997609618119861
0.998130012039397
0.995230093085261
0.994744042082968
0.997465203420546
0.994771259494723
0.996819673197154
0.996437232667135
0.99719346184251
0.994764269880864
0.99658326565691
0.994175731872066
0.997587467282704
0.992112504153292
0.996135901078032
0.995529006844069
0.996897108770739
0.99802798646228
0.998098738015254
0.997782409769871
0.997166988568927
0.995871035614724
0.994223291408359
0.998261516881689
0.99848816811794
0.997755757751031
0.996171607179459
0.997480335092669
0.998559025725118
0.996568575647646
0.997442851441942
0.995889571694324
0.996873617723797
0.993684258263231
0.997058337775038
0.997362358423788
0.996236769641802
0.993713472131793
0.991888394386037
0.99583533180593
0.996249819674174
0.9967428499582
0.996298812419664
0.99574368360547
0.994263812289216
0.99827272271257
0.998271091443571
0.99805084686306
0.996948388244499
0.997735143371589
0.995375699351578
0.995376163959111
0.994270824433729
0.997573657552879
0.997218305479203
0.99676302721064
0.99658830691893
0.997053994855206
0.996423899910037
0.995782693325337
0.995091049373948
0.997884083568563
0.996516063443279
0.996628222761447
0.998599782417318
0.997795034563313
0.997232143515273
0.994270393486748
0.99599616807187
0.995267261978229
0.998239538503076
0.995933443652105
0.998860398317573
0.996443444369299
0.994581224723988
0.996459153511569
0.995080114643333
0.999604596443577
0.994301726328438
0.996290033198766
0.995683622499756
0.997091125261115
0.997425541164894
0.992389812843084
0.994512091562062
0.998293336171843
0.997958268315188
0.997294735970273
0.995728235421932
0.997863634001943
0.99826349672525
0.995970685165796
0.998053399683925
0.997034912634299
0.998987019811503
0.996483775737743
0.995208875739155
0.99868371981325
0.996403818350096
0.998246321370961
0.998765882892486
0.996112914647869
0.998818235976504
0.996424863593439
0.993479936014807
0.996217848336978
0.999049315754182
0.997488570606848
0.99574222595581
0.997650547240259
0.998470869951436
0.997490858175933
0.99592476159196
0.998297177431666
0.993065608001396
0.995891787227202
0.999255088561393
0.996602191686867
0.99486131489354
0.998117402321466
0.994155144559263
0.998327837881633
0.997997349431672
0.995591515375341
0.998173179959695
0.99495765863508
0.997923174451038
0.99795876590008
0.99501576993678
0.997194583773437
0.997552484041036
0.998871035804078
0.996615862738398
0.996653448354749
0.990957504808123
0.996845151538026
0.990623261667329
0.997093868958564
0.997127480415768
0.994194152128527
0.995044414741071
0.997252404875024
0.997808594631737
0.996407412285894
0.996865728698614
0.992994729844837
0.992565219560718
0.99526704041747
0.998604539061375
0.996299148705667
0.997007410574306
0.997101717992793
0.998175864728285
0.997300083081661
0.997443578060885
0.999186742902854
0.99511961613668
0.996727046371612
0.995486420687411
0.996353693812698
0.995990570908803
0.9978449523247
0.99750637296092
0.996572882366513
0.995276444571298
0.996007376849331
0.996265389188324
0.998622537231695
0.995823565626917
0.996162355444427
0.993095346119747
0.997354522437521
0.997410106951504
0.997943111918153
0.993095693074555
0.996198574006374
0.996434979150745
0.994314470124129
0.995740741316001
0.995904126877986
0.996359335736425
0.99654579342097
0.995043425558137
0.992928943453585
0.998010221587593
0.999141502129722
0.992826542542852
0.994186097972869
0.995413302176208
0.994842354339603
0.995089082068551
0.997540468966683
0.998456973352203
0.998069775993305
0.996547863878343
0.993502117515152
0.998819964093828
0.996803861911908
0.999477407258726
0.995515977550279
0.996391562750729
0.996588870324787
0.996277309768843
0.99459847669329
0.994685567873126
0.998193937707918
0.987436745283457
0.997784796256095
0.996616345267328
0.997713419663288
0.998736869153959
0.995741322307574
0.995875971505751
0.99560625841179
0.998416514546625
0.996370225262539
0.99398052108436
0.996061405915324
0.998044575141935
0.996724154747297
0.997226962466256
0.997322693329673
0.995848504453308
0.997347258025474
0.994231793293907
0.99718921479189
0.994138528189565
0.996679469520219
0.996628321505631
0.994325134650292
0.997306319919167
0.994864250940874
0.997063980959543
0.997548944444589
0.996040896248578
0.997298664574413
0.996016098653234
0.996385076173044
0.996954978983299
0.99379406024875
0.99838017570081
0.998859948603902
0.993773475322845
0.999270494520798
0.999929985893672
0.999243644827551
0.997433163833928
0.997912523667572
0.997034219414943
0.998974362995654
0.996591769187357
0.996638260758955
0.997992633417852
0.99764581178495
0.998114151663227
0.996725740995708
0.993784484722588
0.99752575196285
0.99793460210384
0.995276911789744
0.997740499418063
0.997696226881798
0.993619962097728
0.99673144731935
0.997712842303625
0.998545322142839
0.993484363192093
0.996499540985576
0.997593880951475
0.99705574308046
0.996806204744692
0.997504222134993
0.997805731765056
0.998523537428973
0.993497247951684
0.995370873225103
0.995968688199907
0.996932661817765
0.996279605834284
0.996649196256787
0.997221718583731
0.998632977221166
0.992049998329537
0.99559126438925
0.998291487361566
0.994588108124795
0.993163897599714
0.998223227430837
0.995014322051081
0.998343972374076
0.996199764728549
0.998153748031238
0.996223458429806
0.999290338884675
0.99826842374354
0.994105784166968
0.99818726125141
0.996337158991124
0.997651879448456
0.997088636192217
0.999835602841503
0.998701899771357
0.998576054829837
0.996918906328618
0.998856085251873
0.998627986115304
0.998957417532552
0.997273750926913
0.998206982522991
0.993355989300308
0.995684145901666
0.993188540251089
0.997723206304605
0.997131343107063
0.998086138830317
0.993861490317747
0.996232211547979
0.997774796122355
0.997480601494503
0.998173847434314
0.996283130419489
0.993972744922902
0.997141612961672
0.99571358048223
0.997441349309479
0.994365270199338
0.995326072578992
0.996328672470026
0.996581410545766

