0.998832320471096
0.995218957100567
0.995955139291307
0.999857154785263
0.99836467952636
0.997259165091609
0.99807799292712
0.995090103230754
0.995988605806084
0.998510150612342
1.00000000000001
0.997110327033148
0.999999999999994
0.999984861885997
0.999233649267087
0.997586291100497
0.999123479702825
1.00000000000001
1
0.999039562741478
0.997113108489508
0.998046066219442
0.997601714243312
0.999999994592711
0.996087471819647
0.995193162545158
0.991810678949368
1.00000000605342
0.999237590952168
0.999270560539816
0.998984494364441
0.998809642087476
0.99686674492858
0.996850615324372
0.99778787536899
0.998142903869916
0.997205244582578
0.997419475650172
0.997690628114679
0.995155187540766
0.998093596665777
0.997851586746182
1
0.996946971919956
1.00000000000001
0.99616258943838
0.999661907526698
0.998816077584077
0.999028156665994
0.999021563157061
0.992036854381102
0.998148578131839
0.997873821369927
0.999433277116497
0.998149628622374
1.00000000346978
0.997097808722461
0.998006540988413
0.998127574005111
1.0000000134771
0.998666111053308
0.997558706298098
0.999306297007378
0.99889134546414
0.997717662096337
0.999059061012361
0.999264687736774
0.996488396028884
0.998203466178529
0.99910776392983
0.998542013742793
0.99967493818158
0.999880394297378
0.999151149009581
0.998328865903521
0.998257530748912
0.99224432926866
0.999045001886911
0.997085124087769
0.998483229100941
0.991906598966199
1.00000000160425
0.998823094768702
0.998239914161447
0.999958143301267
0.998673602684297
0.998095760169106
0.999628661447742
0.999059125634887
0.99956136368797
0.99767777313245
0.998481602038198
0.998618697777387
0.997715046033891
0.996690006768189
0.997684522315098
0.998276517693639
0.999525155459792
0.995718265145958
0.996066439043915
0.998953658636257
0.999289336242216
0.999968372047956
0.996472213506746
0.998508468043815
0.999581040382758
0.997066122383306
1
0.999166738479333
0.99967506061875
0.9999999958216
0.999820824232958
1.00000000726407
0.999999993292713
0.999589584404326
0.992911364924352
0.999227632282949
0.999175584657882
0.999793610996642
0.999447447454611
0.996226433797314
0.997298558497541
0.997056196478169
0.999614857254892
0.999511309300073
0.998373651554666
0.99923403117721
0.998391938199968
0.996986795327181
0.997484894061398
0.992999391971397
0.999434394589494
0.998448202271032
0.999999999999993
0.999243979548678
0.996805438837118
0.995526979595005
0.999835019123095
0.999631036901525
0.996126130669258
0.996655244092868
0.991570992417431
0.998350148740207
0.999144810130427
0.999993755988949
0.999534372762406
0.992350243740919
0.998680938609762
0.996011214068833
0.99765042722938
0.999351519594145
0.998017061533276
0.999348181181885
0.997222669487968
0.999832897200274
0.998568136379871
0.999562793429428
0.999785439414698
0.999999999999994
0.997847333373626
0.998247504473174
0.999029733465263
0.998828979924449
1.00000000000001
0.997567681057217
0.998725040948122
0.998467428994527
0.99830051476417
0.998393470885209
0.998611186165682
0.99491007156868
1.00000001129507
0.99955160740843
0.99595852898872
0.998917440588204
0.999120946294736
0.999755200522319
0.996506550797089
0.998878261946788
0.998229367761632
0.999167688331077
0.999923179798118
0.998757542312281
0.99893993287789
0.997919121930852
0.998679361478222
0.999915353263001
1
0.999999999999992
1
0.997036625336709
0.998168748904369
0.99972416869817
0.998852296505907
0.999405871779073
0.999151737124167
0.998727545686733
0.999550696095267
0.999073975069987
0.998596420538041
0.998258928337619
0.998581495681628
0.998685447503794
0.998887521242432
1.00000000239992
0.997957180259339
0.998093632424906
0.999592002098244
0.993435089159552
0.99932338101957
0.997866370142375
0.998809234170088
0.998466023123444
0.998503970164348
0.99704359880254
0.998358101596707
0.997170538982569
0.996091498040719
0.998752311663427
0.999964073093447
0.997551939303913
0.997764372229875
1
0.999999999999993
0.999280846383602
0.999128387217859
0.995940289806617
0.9951094089094
0.99998031577345
0.996152644176232
0.997958921229964
0.998095917741869
0.99639202335469
0.998573985200361
0.998452364273788
0.99714805358243
0.998134721513639
0.998730877371548
0.998155424922937
0.998608024449442
0.998529640533984
0.998878276521147
0.999007269626478
0.99859639075961
0.998401596880798
0.996559071957329
0.998011619829544
0.998002368468061
0.998802191673376
0.994834667583441
0.997248352762444
0.999664781951153
0.998188301131121
1
0.997288816684628
0.99771256279124
0.999356470270467
0.999999989833469
1.00000000209545
0.997628532849098
0.999072304731319
1.00000000638662
0.998346172187399
0.997685618409533
0.996636921656654
0.997127516916216
0.998641790384659
0.998859678411837
0.999987894752235
0.998290844153515
0.999754619523586
0.999616143673053
0.998002233800045
0.996946295457427
0.995165474336016
0.995620622353513
0.999134897516511
0.999855847951829
0.995627850330676
0.999999999999993
1.00000000000001
0.999459387617775
0.999984243768938
0.998468906466446
0.999468847891026
0.998822446342891
0.999053590219446
0.994218894833765
0.99899899077936
0.998353149908562
0.994982687056827
0.994866188843862
0.99593267253251
0.999190829883881
0.99970827757103
0.997284850462968
0.999530324161587
0.999050492677499
0.998749334290601
0.998066531613793
0.999262061271566
0.997384406069105
0.998565644731061
0.999833807538703
0.996844572609636
0.9969941798549
0.999181719871472
0.997961937544687
0.998754051918867
0.997457632016709
0.99938245886089
1
0.997682914719292
0.996918108646323
0.995457455456941
0.999657260150553
0.999584931411734
0.999540162396473
0.997072978773181
0.999185500903566
0.99686226576205
0.999997237488796
0.996658830786013
0.999538946654914
0.994982182101741
0.996685464957495
0.997321018890543
0.998563557917935
0.9896450644134
0.994225747976737
1.00000002025329
0.997267138859274
0.993366095892993
0.999196990236289
0.99976393540637
0.998362009636005
0.995925080334834
0.998586442843716
0.996287393237036
0.999323255618477
0.998725131371356
0.998943452992966
0.997842678252585
0.999999991871133
0.996688728251821
0.998437306870978
0.995084887623525
0.997964996641742
0.996269095698094
0.996619118046415
0.998429093301101
0.99789590666436
0.997468517251636
0.993492247231363
0.994870796372252
0.997131887009994
0.998319319592427
0.99848527766495
0.997187841942612
0.99696348164265
0.998340888102718
0.998347536478755
0.998711723402899
0.99963991531551
0.999141628087778
0.996563017752701
0.995435002443347
0.999012611917674
0.999999999999999
0.997678971359465
0.998698937447134
0.999999993668991
0.99639789123552
0.993456570105455
0.997170923586239
0.999999984999061
0.9996880519912
0.997035349587237
0.996283607441834
0.997248299586827
0.996739518831226
0.996400804470578
0.998574352475627
0.997361672681573
0.996105988967277
0.995023450613219
0.997724164351321
0.996503628374515
0.998148691245577
0.991252416737885
0.998677791401704
0.997992574849079
0.999088961488348
0.997879130282658
0.997260583436053
0.997394913777582
0.999698372466814
0.999494027954257
0.998100559702505
0.999378405493766
0.998533898670308
0.996897650621766
0.998567956034669
0.995995717021216
0.998220253011489
0.993431161077256
1.00000001303687
0.997585235480522
0.9983789435664
0.998976942167645
0.9970160041513
0.998026003799678
0.99604021651616
0.999263999203659
0.998284187507789
0.998667941085778
0.997647910673895
0.999196086014875
0.998616576852216
0.99735818404835
0.995514772624842
0.997337977421342
0.997250092449407
0.994750358339479
0.998969840993185
0.999869481642093
0.999701279218814
0.999485940695875
0.999761582349556
1.00000000394231
0.998381890824859
0.997891395829619
0.999999986128265
0.994881336150121
0.999651958253851
0.997800880519994
0.99743528553674
0.995917172888555
0.998521708750361
0.997644797569431
0.998261203316394
0.998625980780327
0.99676705156779
0.998760737907117
0.996242876734139
0.995197658071635
0.999999999999994
0.999371906051236
0.999556420075942
0.995963310726109
1
0.994398215364114
0.995240244308187
0.99773304637707
0.997929914414549
0.99747462080426
0.999752881575548
0.999974402756004
0.998130753305377
0.9966484858439
0.992298222404425
0.997783405923638
0.998820818105092
0.997763590637956
0.998806012243262
0.999327210548493
0.998553527504477
0.997833978917288
0.998260105649781
0.997623004116601
0.999613223553282
0.998982944375502
0.999451064261404
0.998674723426194
0.998423109694569
0.995809359632855
0.996447964718438
0.999210757863886
0.99924672961248
0.996541723876021
0.997960175514136
0.997762785999108
0.997136921864984
0.999616135196312
0.998711651458509
1.00000001065664
0.999999991254276
0.998447944777404
0.997558519076323
0.998728975256556
0.996489066318433
0.999264683330306
0.997805862782867
0.997937200739948
0.997209712271573
0.997869799413158
0.997268747245816
0.998662852836214
0.997998479659431
0.997820078393848
0.999726867699662
0.996557630094612
0.998310491667461
0.998967900833949
0.998869685724974
0.999217528210052
0.998619753809563
0.997888897694371
0.997974928952918
0.999999989601174
0.99819211934346
0.99798183331402
0.997555694890306
0.998560853074397
0.997118329183745
0.997904071405984
0.992709747436529
0.998155417174877
0.999564654943456
0.995477347540241
0.996867927223137
0.997824247382199
0.998560736126528
0.998097362347032
0.995255120420636
0.998279942273246
0.998159621453265
0.997387358238246
0.996236297826174
0.997399072253194
0.999218909107222
0.995951033688786
0.999999999999995
0.996465390024423
0.997990725830056
0.999002178892913
0.99982719835005
0.999668411395517
0.999166131635131
0.999439459485358
0.997402227077522
0.995950881826627
0.997353512604234
0.997396621753471
0.999171956791654
0.998234148869408
0.998221303707304
0.998789245152274
0.999148895501757
0.996667610839572
0.999206083591097
0.998839592749398
0.994607601141125
0.999920413671393
0.999085997140427
0.996041957937033
0.99921716074301
0.995210569750511
0.998116609902628
0.996827870844421
0.996615072589197
0.997255749324955
0.998349400293504
0.998678737769636
0.999497377930775
0.997736766996409
0.998702993295772
0.998428459457417
0.998962586261729
0.998249463464989
0.997918131607695
0.996942391186116
0.998868204029161
0.993703550886929
0.998157103735698
0.997374500444503
0.996329812402618
0.997370482279293
0.997206068568307
0.999889829083599
0.999471637366788
0.995726832064818
0.996300132892275
0.997811799838778
0.994233268320942
0.999999999999987
0.996721603717446
0.998509512479237
0.997559101862341
0.999079166849426
0.999905636349103
0.995863214892845
0.996967611828695
0.99698381133465
0.999132385451593
0.999999980639226
0.99828235728937
0.995933808676181
0.997759928164411
0.995189663430342
0.999967465928003
0.997069271798296
0.998500840479637
0.996625340449188
0.997340236521089
0.998590691480308
0.999996225332054
0.998173905674818
0.99912920831857
0.999451162589006
0.99573116638897
0.998623299741715
0.997796364947903
0.99948652570857
0.99837928714769
0.999721120073969
0.997516227516933
0.999270520347227
0.999662768391236
0.996693260722858
0.998477067106252
0.995294139286306
0.996977007089756
0.99965059629494
0.998769204846156
0.99698765375397
0.998242645356967
0.993768093120607
0.999447364409177
0.995916893710068
0.999343751149439
0.999832909863259
0.998124346919908
0.997739151949645
0.99731851734099
0.997913879703716
0.999999995025155
0.99441714616457
0.998124754601786
0.995015594932145
1.00000000519112
0.997195073707027
0.997303100450024
0.996362714357588
0.999194990685553
0.998377228504478
0.997185908546849
0.996878562204483
0.991601757035592
0.992787898096365
0.998397611989738
0.99388081316722
0.995858049563351
0.999678662432898
0.999014253811459
0.998506715576718
0.996983389793243
0.9984275946372
0.997867467553841
0.997538176636199
0.999528799438308
0.99819638582966
1.00000000079434
0.998905184012058
0.996457276662348
0.988285241997799
0.996333787049145
0.997409478568981
0.995783214968549
0.998428821856367
0.997650025222495
0.998042381125869
0.996630014990797
0.999284494857084
0.998728045516304
0.995734780689797
0.998993151566748
0.996173583972384
0.998911612466115
0.999339740233155
0.998434596951365
0.99939619286975
0.99601400773163
0.995756290137814
0.996605882792118
0.998208742641523
0.998992428828487
0.998539172567535
0.997722559391215
0.998375745920574
0.996801887815368
0.9974467343603
0.996549419465318
0.998267702973305
0.997098474932977
0.996168410526293
0.99809125212953
0.999829130136965
0.99569098571133
0.999317286713167
0.998375334215184
0.992933474483903
0.99785184283874
0.998230555236354
0.992428529358106
0.99647121514648
0.997614343774141
0.998989264448301
0.999351493069286
0.99850351252542
0.997441172559387
0.998531808729128
0.998537937938551
0.996883254502618
0.995391493358063
0.995291301787651
0.995632921361461
0.995355891601342
0.99669284170401
0.993692704775127
0.999160563014451
1.00000000000001
0.997014193469116
0.99792744203642
0.998235407396656
0.999613498554453
0.999695729553846
0.996420640920249
0.999426532178326
0.998754982279901
0.995174946789359
0.997128414809173
0.998945119725481
0.998788553671936
0.99885724190474
0.998961820812176
0.996681019872827
0.998204264926573
0.997219130654838
0.998290358428684
0.997545896488357
0.997972385034468
0.997001428728431
0.998002318101436
0.997945600031838
0.999223914493765
0.997525342754919
0.999872160301152
0.999669831909439
0.998351515933149
0.999488342534379
0.997080455241294
0.997672874026269
0.999088991932624
0.999910056763642
0.996002756119944
0.998106592310568
1.00000000058378
0.998976481761587
0.999610858744719
0.998530033448918
0.998533949309859
0.999450139055607
0.998235388500756
0.999648199120238
0.996255349601548
0.997708221194445
0.996911062815368
0.996299175119397
0.998388552799292
0.998934380202962
0.99831645118269
0.998109392952421
0.997684401150553
0.997941389924085
0.999068008746444
0.997635304307544
0.999516734649798
1.0000000075036
0.997337639318612
0.996120658119194
0.997752230983555
0.999948165312411
0.99917759391245
0.995384151658954
0.998789337180086
0.997636944191012
0.998019271185654
0.999542866309306
0.999755179658613
0.999633949301769
0.996673387475946
0.998721654609028
0.996351743172773
0.997480345362522
0.996048031198089
0.99897900417261
0.99784590882869
0.998511326412343
0.997954296172849
0.99505931688407
0.992975757098717
0.998355304251614
0.993577718039976
0.997444529486678
0.998931037633736
0.998758419660828
0.998754724649861
0.99968031727979
0.998330501487708
0.998709002857298
0.999174752791597
0.998041200546607
0.999642660157735
0.998160223838787
0.9967748917285
0.997544634841912
0.997496691738213
0.996491815183547
0.998263702156411
0.997874926716513
0.999004685331768
0.997496483640796
0.999306609951943
0.995076303020191
0.996840023278133
0.99923976589313
0.996134808054981
0.999302612875235
0.997823650982854
0.996919257798448
0.997138790403769
0.997961576568581
0.998458331615645
0.999121636538016
0.999713316123407
0.999045973344735
0.996466073003156
0.99461030650506
0.997744482501386
0.995680864192801
0.998939810570929
0.989543102896511
0.999213072945807
0.999611432054231
0.997692202533775
0.997588914727855
0.998026010443662
0.997967115639767
0.998512461080657
0.995985310592671
0.995490472714844
0.996685529034271
0.998494489912636
0.997927779172822
0.998463468700051
0.999999982651165
0.997307736092818
0.998892163062001
0.999593172879758
0.996358156155431
0.998262056555019
0.995787446186423
0.997309790604639
0.999864751110329
0.997725011515514
0.998506798878555
0.998779858102391
0.99851281302602
0.982503815219231
0.996869886398211
0.997400500278178
0.999611520498468
0.99410726241577
0.998581997506405
0.998811737995612
0.989451238185446
0.997749310516955
0.997200174633914
0.99748591475598
0.995172558652093
0.992404972967739
0.999010923613875
0.998301441067034
0.996571008264386
0.998557184927219
0.998182548018418
0.998992658809017
0.993252887740401
0.998060364038177
0.999678532008891
0.997749377923862
0.999400073568713
0.997583827625953
0.996208136251303
0.995297710459979
1.00000001268127
0.992903730688128
0.998949877097829
0.998843638216352
0.999056547972133
0.996491968667972
0.996537412446711
0.999649619925433
0.996298006214749
0.994486325793828
0.998111153538744
0.997394058975731
0.990817948085165
0.997178630583277
0.995434194539981
0.998368924368204
0.996372841801592
0.996499502228067
0.997640786413346
0.998966843933133
0.99956667796087
0.998331456694976
0.999296129922707
0.997864524044536
0.998817014692166
0.997741109085507
0.996487502305373
0.996439883679949
0.998389036710146
0.997807530642029
0.997764536907878
0.999971745557202
0.997188657183516
0.99988893672175
0.998374077922243
0.993809073210068
0.998405007053438
0.994166322294456
0.99926654532559
0.996710242719515
0.998173191768986
0.997965055954335
0.996490354835928
0.999460073394848
0.993377585636142
0.998126543579183
0.997859374618626
0.997594542907427
0.997236269359783
0.990948384373714
0.999913015558904
0.995975144671646
0.9975982220419
0.998635883648654
0.997846758647416
0.996448810488876
0.998333311345632
0.999213036795863
0.998078890334986
0.998169841914323
0.999304536863174
0.996036520714569
0.997916347784952
0.996940417467207
0.998125123162509
0.999374595533977
0.99730782068614
0.998462554215531
0.999308462783027
0.996819721551517
0.999357522117505
0.996651079498033
0.996466019095534
0.997159832889043
0.997232383354057
0.996183931099036
0.997666093717927
0.997649115312114
0.998766912762273
0.995931364954347
0.996192971944689
0.996285654171155
0.996864992354014
0.999281734188198
0.999152641132642
0.999087029190847
0.996165522616985
0.99837477630554
0.997985833867946
0.998501047834625
0.999400825142645
0.998941923579141
0.996285452884583
0.998089483694628
0.998605579857759
0.998478791119112
0.998738266637258
0.994305610322443
0.996364109724143
0.997493001956453
0.998653929126855
0.9992922416853
0.996067758174607
0.99918885871843
0.996371321338197
0.996646918010373
0.994527151342312
0.995675655983887
0.999265138795622
0.997697165757298
0.997955250289918
0.997795702494857
0.993624339932286
0.999423501279992
0.996238255379351
0.997224464935386
0.996484938132881
0.998380573633067
0.997593351239618
0.996622592767348
0.995529647826558
0.996630243405565
0.998507111697356
0.9979580782948
0.997761216771891
0.997709212742861
0.998018784919543
0.99285613309428
0.996267646090607
0.997920249754766
0.998713308977608
0.994835561132816
0.998516015255618
0.996836257432313
0.999643437473077
0.997912933557055
0.998998223181043
0.997256445283358
0.998646873489669
0.999937125115837
0.997147348866568
0.997859240032747
0.997843586197887
0.997352565559275
0.995629644075143
0.996647724235901
0.995764964328602
0.995397832930176
0.996267922868587
0.998089515721488
0.997276546301212
0.994580633845037
0.998000945037322
0.994838357960718
0.999824411411089
0.998030779513353
0.997850976578626
0.998489894770954
0.995322155368478
0.999398106857254
0.998833150902104
0.997419751386012
0.998488501011988
0.996509526595917
0.999337264357508
0.995010045194788
0.999047550214608
0.995722926964672
0.998724576688621
0.998247530848274
0.99693788873523
0.998093866920183
0.99796884155519
0.998903465124927
0.997450994160227
0.999438883613126
0.997256467764463
0.998630682450222
0.998246083563106
0.992819436712451
0.994248457173196
0.995164928197062
0.99749978740924
0.997451417865272
0.99919065679899
0.995177407725626
0.996950672157741
0.997946045772424
0.996942514421773
0.997872843920303
0.996892231104
0.99950016439334
0.997165589608701
0.993188877398915
0.997428049191254
0.999161764292186
0.997956883278122
0.999384584311933
0.994730202571598
0.994942552244331
0.99690600203018
0.998139810152265
0.997317359807752
0.999667984782738
0.997375565387631
0.997244487069781
0.999266196202682
0.998087182810224
0.99778868016326
0.997490121764849
0.997001479885115
0.996899757357681
0.998625881273924
0.998059567827179
0.996467811071894
0.99548710588296
0.997512069771206
0.99706040863762
0.992430467724107
0.99842868683818
0.995686331917582
0.998278215029419
0.999479801062649
0.998940825789371
0.999579165296894
0.997119273091944
0.997716609055363
0.994372191135828
0.996463704673072
0.998301932401582
0.995736710911637
0.997360875871078
0.997610093201835
0.997115851835661
0.997969252189276
0.99663142024272
0.995073559734593
0.999353722005628
0.993970690603492
0.999255640878127
0.998371235556419
0.999461151910023
0.999440572724471
0.988530225009196
0.993901441932705
0.995035252150758
0.998088959532595
0.999075524579193
0.994843377584592
0.997386225506938
0.997041023577241
0.995637787541649
0.998652725760742
0.998683138581846
0.995162453432742
0.995884992678908
0.995227833313532
0.998130221875463
0.99847816958078
0.996563557934474
0.996813233840162
0.99754845609199
0.997538149189024
0.998432127040861
0.999291280167717
0.996869947269496
0.996438027342911
0.998278627839373
0.99605080227317
0.996360717939657
0.996500780793769
0.999017097529567
0.999188878031093
0.998799865584804
0.995795081624501
0.998260833391656
0.999407734240764
0.99686546514176
0.998337211404084
0.998192148703265
0.998965608811723
0.99795513860286
0.998481419213185
0.995572094812098
0.996932651009526
0.998342129723741
0.999333495480104
0.998774532315528
0.997415095773957
0.998652269715602
0.996464490582522
0.999409861494673
0.997439585196791
0.99722576455405
0.998437332657915
0.99701182973129
0.996744225429099
0.998412984464729
0.998335788140343
0.996328763405929
0.995991708936831
0.997166393479332
0.999329980913244
0.999154333604868
0.999449895057241
0.998121276221296
0.998567240826181
0.996780501593655
0.997275264257755
0.998194978638431
0.997287707933387
0.998950380806987
0.995870386790592
0.998801461791149
0.994619231180965
0.998013111965656
0.998545016849879
0.999204450329469
0.999764553292723
0.994438230667748
0.997390830777863
0.996326053752726
0.999786381895911
0.999400635707783
0.994446831654861
0.998814233544612
0.997762975968391
0.989208202118144
0.999221388686553
0.99739735972104
0.997705673370644
0.997621368439449
0.999024420826856
0.997617940280845
0.998716508103707
0.99482805216536
0.994002738477971
0.997192838693386
0.998575443123316
0.998987965259615
0.994709398957021
0.999055627558685
0.995856242219915
0.998519025345356
0.995877488783105
0.997705856314481
0.994976471737572
0.999053589486661
0.996848853810532
0.998423129106397
0.997528773360051
0.997201673456228
0.998876504913922
0.998940374045838
0.994774360424854
0.998022718264632
0.99817511336057
0.993732945683035
0.997255973491403
0.998800811361569
0.995363094022067
0.997110215826412
0.997502832342103
0.997177115970742
0.997384398498989
0.991806422266854
0.99274898013979
0.995254428520478
0.99710465576576
0.998097962327549
0.999330089393639
0.996980144248906
0.996125098810499
0.996070246674803
0.996393342628568
0.998131052959966
0.995783747772858
0.997535014304679
0.997927338244345
0.998955572804154
0.997603466625741
0.998798524652565
0.996616407408376
0.998710455226371
0.996566833897522
0.997009557136952
0.996553065937549
0.997768870368623
0.998113512737112
0.996867125266881
0.998121250605683
0.994830812692478
0.997983011920168
0.996070324599808
0.998026988252136
0.996294845619309
0.998620875236212
0.994909206312561
0.997601473876228
0.995477892771302
0.995933276077204
0.997040801427226
0.996409681307159
0.994308586216867
0.998719680630832
0.998877348758336
0.999162503526565
0.998582413175928
0.99647229392594
0.998953670894465
0.996588583421138
0.999011104309729
0.99705677926328
0.998007869613017
0.998169838423623
0.9993379303904
0.995793900984549
0.994020602205462
0.996758338156068
0.99813327843367
0.999211024661667
0.993974755754069
0.99483056443815
0.997756750608278
0.999268331112743
0.997379426394905
0.99852479055922
0.998984595751547
0.99889306006209
0.996653762980224
0.997400038576141
0.998247883858279
0.998694961757895
0.996740088803108
0.997731187238327
0.996803115736437
0.996697660191023
0.998433272499175
0.996780373569739
0.998012284136895
0.997224090183527
0.997288936707626
0.998936619236803
0.997606599895337
0.997668711295235
0.998011638510854
0.997278447707456
0.997681487580881
0.996731493429353
0.994157214835814
0.996939948805087
0.995298306576752
0.998626635288734
0.994999655004641
0.995425533281624
0.996174248166188
0.999203513571727
0.995919796175261
0.998401525515261
0.997353753602334
0.997251198409727
0.996888637040572
0.997620566573459
0.998559670482371
0.997229729110577
0.999305440511673
0.998847687102185
0.994315947288841
0.999853753308244
0.997452068970272
0.99672630967735
0.998269691929115
0.99583492705569
0.996468152741847
0.99754898317467
0.996748916342919
0.997259016535271
0.998462724884574
0.99719346184251
0.995402397014067
0.997402360838412
0.995440574034767
0.99802100802747
0.993231802592028
0.996427945802662
0.995529006844069
0.99711947247219
0.999464076583133
0.998054081044981
0.998392262972824
0.998228507507592
0.996089842406794
0.99600574057914
0.997931538815409
0.99848816811794
0.997904867609051
0.997096728932425
0.99837761640105
0.999327773974813
0.997085964667001
0.999060342570352
0.995889571694324
0.99854081565477
0.998568020412875
0.998159857392623
0.997417475923305
0.997719288930963
0.995363336431724
0.995891138904595
0.996232147358535
0.9962875147163
0.996948819027654
0.996694771444484
0.99695619034992
0.994481933408872
0.999686069506832
0.998280210168924
0.99826814640494
0.997637550209263
0.997911221706233
0.996833741451311
0.996963199588078
0.995653175427013
0.99905789608338
0.998365258761631
0.998233532134134
0.996573586434996
0.997604868271431
0.997290721002298
0.995961349177259
0.996875818257296
0.998497642400235
0.998648730623298
0.995957554173241
0.998822292797331
0.99827997991732
0.997965865263522
0.995268030031188
0.997812934128105
0.995763560706729
0.998239538503076
0.99775145653118
0.998860398317573
0.997534206807442
0.995242536071281
0.99695110396053
0.996095239397247
0.999584929745659
0.994692938086407
0.997966816761304
0.997196366356965
0.998129777442396
0.998401613108793
0.9922020837461
0.995093152879493
0.998901585561307
0.998857068856182
0.997657927213565
0.997568723386152
0.998375128620464
0.99847915705342
0.996889138507915
0.996427868724032
0.998782057539555
0.999798029766741
0.996526587936691
0.997051359766689
0.999021846975276
0.997083420009905
0.998246321370961
0.998927066772312
0.996481096212027
0.998818235976504
0.998094533144208
0.994947819383107
0.996043670844129
0.998969192674859
0.997868577771562
0.995864343454594
0.997650547240259
0.998470869951436
0.997932899718618
0.996501145552626
0.998297177431666
0.994098030778019
0.997462444400925
0.999255088561393
0.996602191686867
0.99486131489354
0.998117402321466
0.993587741153296
0.999660071005272
0.999289291510433
0.995844133310641
0.998143797689616
0.996942031520591
0.997923174451038
0.999002605325308
0.995860837608307
0.998055622821174
0.997868893325022
0.999074723009863
0.997016111131157
0.99694082291415
0.993035809290079
0.997630797335266
0.9929060885469
0.998544859197789
0.997127480415768
0.995862310120856
0.996195409158453
0.997400544725686
0.997815232664048
0.996428614744777
0.996880954471986
0.994603516652866
0.994218037308071
0.996554396700572
0.998607017553064
0.997419805974837
0.99859048732675
0.998564862975116
0.998252647338719
0.997998369423674
0.996264660824182
0.999241447412445
0.999108754410108
0.996891979714964
0.995598361174102
0.997419086617302
0.995575000026726
0.998237540027915
0.998120250673324
0.996591730024705
0.996879552902312
0.998002764219155
0.997886267716233
0.998694012779353
0.996554406810123
0.997611408911732
0.996936713179572
0.997664269346312
0.998183075895615
0.997943111918153
0.995449095978612
0.997176672465512
0.997717831802049
0.995200240490277
0.995902577934202
0.996288567870224
0.997196724939439
0.997229797193867
0.993883121231113
0.992894827242009
0.998010221587593
0.999141502129722
0.992408939453842
0.994124499691999
0.995413302176208
0.994888253592731
0.995089082068551
0.997540468966683
0.998456973352203
0.997769669994945
0.996394855091244
0.994205388203092
0.996489478973145
0.996803861911908
0.999477407258726
0.995515977550279
0.996360131416059
0.996588870324787
0.99615179156878
0.995186066782985
0.995803779828827
0.998954180022193
0.988800068802976
0.99803086357058
0.997547497198818
0.997713419663288
0.99871005281585
0.995673149609486
0.996222254031065
0.996219548309313
0.998416514546625
0.996519644466175
0.996187406464296
0.998340911731111
0.998037736293255
0.99689074413574
0.997229489279651
0.998253195437942
0.996217081213797
0.997698826992488
0.996889123168955
0.99766547302213
0.99560636601442
0.996870237259624
0.996806396917642
0.997137478694414
0.997433223186135
0.994868591034259
0.999031062653854
0.998337332150446
0.996597195798183
0.997998553154594
0.996349219938195
0.996890674688074
0.997282702087172
0.998607258141033
0.99838017570081
0.998798470753553
0.993773475322845
0.999066339041455
0.999642634171548
0.999243644827551
0.997433163833928
0.997912523667572
0.998114108256097
0.998974362995654
0.997490784131583
0.996638260758955
0.997483298924106
0.996634090030293
0.998114151663227
0.996981726043585
0.993675152323732
0.997794060181609
0.998550653361616
0.995276911789744
0.998546486283331
0.997830727483212
0.998099346476975
0.997499494052625
0.997782007751544
0.998694447225903
0.994524518741459
0.99714550283654
0.997847819128844
0.999250624901629
0.997181694891618
0.9984975301763
0.998906516636824
0.999140603440874
0.99524553568616
0.995718177711863
0.996583730155963
0.997913222645608
0.996297033780747
0.9981910692532
0.997624975349299
0.998632977221166
0.991549081578195
0.99559126438925
0.998181977865828
0.994588108124795
0.993163897599714
0.998223227430837
0.997836822685363
0.998291150012469
0.996131819635183
0.998192976826264
0.996174298688046
0.999290338884675
0.99826842374354
0.994872263101891
0.997722900800853
0.998308725185101
0.997651879448456
0.996933993909942
0.999689672911449
0.998701899771357
0.998650963564471
0.997075077354729
0.999375168194378
0.998627986115304
0.998863532169739
0.998090050348644
0.998206982522991
0.994140495365655
0.995540946937687
0.993188540251089
0.997615593060303
0.998209190477799
0.998331111082555
0.994087820517463
0.996621868406396
0.997480748796338
0.997134047070007
0.998766743926647
0.996393630613556
0.995279417713746
0.997323524176548
0.995759573635687
0.998127647629688
0.995191298933369
0.996493282581235
0.996877608413069
0.997192076891097

